7.14499
7.5571
7.5571
7.31906
7.31906
6.93112
6.93112
6.59104
6.59104
6.48703
6.48703
6.62961
6.62961
6.89255
6.89255
7.1572
7.1572
7.33103
7.33103
7.40183
7.40183
7.36691
7.36691
7.24655
7.24655
7.06174
7.06174
6.82541
6.82541
6.54318
6.54318
6.21408
6.21408
5.84348
5.84348
5.43234
5.43234
4.98361
4.98361
4.50217
4.50217
3.99362
3.99362
3.46189
3.46189
2.91062
2.91062
2.3447
2.3447
1.76901
1.76901
1.19211
1.19211
0.61545
0.61545
0.0405
0.0405
-0.52517
-0.52517
-1.06985
-1.06985
-1.58133
-1.58133
-2.05203
-2.05203
-2.47732
-2.47732
-2.85672
-2.85672
-3.19363
-3.19363
-3.48221
-3.48221
-3.72415
-3.72415
-3.92019
-3.92019
-4.07571
-4.07571
-4.20413
-4.20413
-4.31888
-4.31888
-4.41849
-4.41849
-4.5076
-4.5076
-4.59598
-4.59598
-4.68948
-4.68948
-4.78714
-4.78714
-4.89993
-4.89993
-5.04324
-5.04324
-5.23172
-5.23172
-5.47098
-5.47098
-5.75125
-5.75125
-6.06375
-6.06375
-6.40433
-6.40433
-6.77859
-6.77859
-7.1846
-7.1846
-7.59183
-7.59183
-7.96097
-7.96097
-8.26297
-8.26297
-8.47561
-8.47561
-8.59793
-8.59793
-8.62478
-8.62478
-8.48489
-8.48489
-8.15408
-8.15408
-7.60525
-7.60525
-6.83426
-6.83426
-5.82156
-5.82156
-4.56253
-4.56253
-3.06155
-3.06155
-1.35232
-1.35232
0.52805
0.52805
2.56223
2.56223
4.70285
4.70285
6.87815
6.87815
8.41892
8.41892
7.54587
7.54587
7.54587
7.54587
10.68259
10.68259
11.98752
11.98752
13.17649
13.17649
14.31394
14.31394
15.46311
15.46311
16.65695
16.65695
17.94455
17.94455
19.39841
19.39841
21.00168
21.00168
22.69699
22.69699
24.45822
24.45822
26.30246
26.30246
28.18845
28.18845
30.07956
30.07956
31.93405
31.93405
33.72312
33.72312
35.40915
35.40915
36.9365
36.9365
38.25534
38.25534
39.42893
39.42893
40.5134
40.5134
41.53928
41.53928
42.47019
42.47019
43.21311
43.21311
43.70041
43.70041
43.92673
43.92673
43.89035
43.89035
43.54025
43.54025
42.88449
42.88449
41.95896
41.95896
40.85617
40.85617
39.63376
39.63376
38.29294
38.29294
36.79465
36.79465
35.18942
35.18942
33.48752
33.48752
31.74509
31.74509
30.01731
30.01731
28.30564
28.30564
26.65695
26.65695
25.15964
25.15964
23.82028
23.82028
22.66281
22.66281
21.64035
21.64035
20.74875
20.74875
19.98093
19.98093
19.32053
19.32053
18.8049
18.8049
18.44797
18.44797
18.25315
18.25315
18.20358
18.20358
18.32761
18.32761
18.59836
18.59836
18.93039
18.93039
19.31735
19.31735
19.77414
19.77414
20.17673
20.17673
20.41867
20.41867
20.41843
20.41843
20.25534
20.25534
19.93747
19.93747
19.42331
19.42331
18.74387
18.74387
17.90915
17.90915
16.90915
16.90915
15.78684
15.78684
14.70822
14.70822
13.72653
13.72653
12.81418
12.81418
11.97238
11.97238
11.25437
11.25437
10.65671
10.65671
10.07443
10.07443
7.54587
7.54587
7.22922
7.22922
7.46848
7.46848
7.54587
7.54587
7.54587
7.54587
4.9238
4.9238
4.07468
4.07468
3.27243
3.27243
2.54001
2.54001
1.98117
1.98117
1.5925
1.5925
1.38523
1.38523
1.46701
1.46701
1.70407
1.70407
2.03733
2.03733
2.43381
2.43381
2.80564
2.80564
3.01242
3.01242
2.91184
2.91184
2.50339
2.50339
1.9299
1.9299
1.10959
1.10959
-0.1448
-0.1448
-1.93167
-1.93167
-4.4407
-4.4407
-7.4722
-7.4722
-11.01492
-11.01492
-14.96512
-14.96512
-19.1138
-19.1138
-23.35721
-23.35721
-27.64749
-27.64749
-31.73831
-31.73831
-35.52566
-35.52566
-39.08938
-39.08938
-42.28006
-42.28006
-45.07278
-45.07278
-47.3035
-47.3035
-48.93924
-48.93924
-49.81595
-49.81595
-50.20999
-50.20999
-50.02713
-50.02713
-49.41531
-49.41531
-48.36673
-48.36673
-47.00198
-47.00198
-45.12893
-45.12893
-42.56497
-42.56497
-39.07791
-39.07791
-34.81204
-34.81204
-30.04642
-30.04642
-24.89456
-24.89456
-19.45462
-19.45462
-13.82156
-13.82156
-8.04397
-8.04397
-2.43313
-2.43313
2.89182
2.89182
-0.491
-0.491
14.60983
14.60983
10.2551
10.2551
14.42404
14.42404
17.9592
17.9592
21.01218
21.01218
23.70358
23.70358
26.01389
26.01389
27.75461
27.75461
29.08493
29.08493
30.49265
30.49265
31.95896
31.95896
33.33347
33.33347
34.67014
34.67014
36.18772
36.18772
37.94113
37.94113
40.08933
40.08933
42.74533
42.74533
45.82321
45.82321
48.94699
48.94699
52.12229
52.12229
55.20383
55.20383
56.72775
56.72775
56.72775
56.72775
62.16623
62.16623
63.16062
63.16062
63.46555
63.46555
63.0239
63.0239
62.57126
62.57126
62.56174
62.56174
63.05124
63.05124
63.884
63.884
65.14401
65.14401
66.78464
66.78464
68.40598
68.40598
69.77121
69.77121
70.93308
70.93308
72.03562
72.03562
73.1843
73.1843
74.43723
74.43723
76.03
76.03
77.9111
77.9111
80.00266
80.00266
81.92356
81.92356
83.76486
83.76486
85.30393
85.30393
86.34934
86.34934
86.88742
86.88742
86.79441
86.79441
86.1467
86.1467
84.84201
84.84201
82.71482
82.71482
79.74362
79.74362
76.15842
76.15842
72.43772
72.43772
68.84738
68.84738
64.8237
64.8237
60.2695
60.2695
56.72775
56.72775
50.78342
50.78342
46.29441
46.29441
42.06516
42.06516
37.98215
37.98215
33.58811
33.58811
28.82492
28.82492
23.58713
23.58713
17.70041
17.70041
7.54587
7.54587
3.99509
3.99509
-3.9285
-3.9285
-12.37723
-12.37723
-21.32571
-21.32571
-30.17874
-30.17874
-38.3135
-38.3135
-45.69925
-45.69925
-52.18777
-52.18777
-58.05081
-58.05081
-63.40262
-63.40262
-68.50882
-68.50882
-73.38992
-73.38992
-77.64749
-77.64749
-80.949
-80.949
-83.0347
-83.0347
-84.32986
-84.32986
-85.12112
-85.12112
-85.09402
-85.09402
-84.20852
-84.20852
-82.91507
-82.91507
-81.20022
-81.20022
-79.49417
-79.49417
-77.76956
-77.76956
-75.88309
-75.88309
-73.9053
-73.9053
-71.96121
-71.96121
-70.33572
-70.33572
-69.0906
-69.0906
-68.01443
-68.01443
-66.94534
-66.94534
-65.57205
-65.57205
-63.95218
-63.95218
-62.14676
-62.14676
-60.2222
-60.2222
-58.49368
-58.49368
-57.20999
-57.20999
-56.62771
-56.62771
-56.58304
-56.58304
-56.7659
-56.7659
-56.82156
-56.82156
-56.49124
-56.49124
-55.82303
-55.82303
-55.3616
-55.3616
-54.81497
-54.81497
-53.94632
-53.94632
-53.01419
-53.01419
-52.02225
-52.02225
-50.76663
-50.76663
-49.54031
-49.54031
-48.27347
-48.27347
-46.89944
-46.89944
-45.48489
-45.48489
-44.03787
-44.03787
-42.52786
-42.52786
-42.45413
-42.45413
-39.14895
-39.14895
-37.3074
-37.3074
-35.11111
-35.11111
-32.42093
-32.42093
-29.36477
-29.36477
-25.94876
-25.94876
-22.34891
-22.34891
-18.54202
-18.54202
-14.88382
-14.88382
-11.5906
-11.5906
-8.90579
-8.90579
-6.6514
-6.6514
-4.3074
-4.3074
-1.68631
-1.68631
1.26047
1.26047
7.54587
7.54587
6.97971
6.97971
7.54587
7.54587
16.53806
16.53806
19.77951
19.77951
22.96921
22.96921
26.27439
26.27439
29.70334
29.70334
33.15232
33.15232
36.72995
36.72995
40.22775
40.22775
43.21042
43.21042
45.69162
45.69162
47.90622
47.90622
50.0571
50.0571
52.02219
52.02219
53.65647
53.65647
56.72775
56.72775
55.5134
55.5134
56.72775
56.72775
56.72775
56.72775
56.72775
56.72775
68.14328
68.14328
71.88913
71.88913
75.49631
75.49631
78.91013
78.91013
82.07028
82.07028
84.49655
84.49655
86.13108
86.13108
87.0134
87.0134
87.14108
87.14108
86.69358
86.69358
86.21018
86.21018
85.53903
85.53903
84.50583
84.50583
83.00363
83.00363
80.88864
80.88864
78.30515
78.30515
75.45969
75.45969
72.49484
72.49484
69.36814
69.36814
66.12448
66.12448
63.10813
63.10813
60.65158
60.65158
55.42917
55.42917
53.83249
53.83249
56.72775
56.72775
54.01462
54.01462
52.88474
52.88474
51.86374
51.86374
50.80515
50.80515
49.49631
49.49631
47.68112
47.68112
45.26828
45.26828
42.49753
42.49753
39.46408
39.46408
36.19382
36.19382
32.76316
32.76316
29.19162
29.19162
25.37522
25.37522
21.41501
21.41501
17.33713
17.33713
13.25485
13.25485
9.18015
9.18015
7.35275
7.35275
3.82663
3.82663
-0.16189
-0.16189
-4.42312
-4.42312
-8.85672
-8.85672
-13.26394
-13.26394
-17.08426
-17.08426
-20.26346
-20.26346
-23.64187
-23.64187
-27.30081
-27.30081
-30.83645
-30.83645
-33.97024
-33.97024
-36.56936
-36.56936
-38.57571
-38.57571
-39.78274
-39.78274
-40.30789
-40.30789
-40.376
-40.376
-40.33914
-40.33914
-41.00076
-41.00076
-43.59524
-43.59524
-43.95999
-43.95999
-45.97415
-45.97415
-47.74515
-47.74515
-49.06302
-49.06302
-50.15872
-50.15872
-50.85379
-50.85379
-51.55105
-51.55105
-52.01321
-52.01321
-52.16751
-52.16751
-51.95584
-51.95584
-51.26712
-51.26712
-50.35086
-50.35086
-49.38431
-49.38431
-48.16067
-48.16067
-46.58255
-46.58255
-44.84256
-44.84256
-43.04837
-43.04837
-43.74246
-43.74246
-42.45413
-42.45413
-38.31595
-38.31595
-36.87869
-36.87869
-35.27054
-35.27054
-33.43265
-33.43265
-31.34353
-31.34353
-29.15188
-29.15188
-26.84353
-26.84353
-24.40799
-24.40799
-21.82181
-21.82181
-19.17776
-19.17776
-16.71829
-16.71829
-14.89847
-14.89847
-13.78518
-13.78518
-12.94168
-12.94168
-12.26321
-12.26321
-11.98123
-11.98123
-12.23147
-12.23147
-13.16531
-13.16531
-14.82498
-14.82498
-16.9241
-16.9241
-18.91824
-18.91824
-20.48709
-20.48709
-21.62771
-21.62771
-21.80594
-21.80594
-20.89847
-20.89847
-19.02737
-19.02737
-16.69632
-16.69632
-14.29959
-14.29959
-11.45633
-11.45633
-7.74417
-7.74417
-3.35599
-3.35599
1.65329
1.65329
7.54587
7.54587
7.54587
7.54587
10.88327
10.88327
16.29587
16.29587
22.10739
22.10739
28.18381
28.18381
34.15988
34.15988
39.64279
39.64279
44.76633
44.76633
50.06247
50.06247
55.88156
55.88156
56.72775
56.72775
68.13986
68.13986
74.17575
74.17575
80.27194
80.27194
86.17478
86.17478
91.7927
91.7927
97.16379
97.16379
102.48654
102.48654
105.90964
105.90964
105.90964
105.90964
118.52439
118.52439
123.73728
123.73728
128.71286
128.71286
133.52365
133.52365
138.37766
138.37766
143.34128
143.34128
148.44895
148.44895
153.72946
153.72946
155.09128
155.09128
164.46213
164.46213
169.44235
169.44235
174.08713
174.08713
178.25217
178.25217
181.80466
181.80466
185.0488
185.0488
187.97971
187.97971
190.49948
190.49948
192.43869
192.43869
193.73776
193.73776
194.47116
194.47116
194.52634
194.52634
194.06003
194.06003
193.20236
193.20236
191.8757
191.8757
190.06662
190.06662
187.76096
187.76096
184.83566
184.83566
181.15061
181.15061
176.93308
176.93308
172.20603
172.20603
166.82175
166.82175
155.09128
155.09128
153.84055
153.84055
145.92941
145.92941
137.18772
137.18772
128.23752
128.23752
118.9758
118.9758
102.75876
102.75876
99.36765
99.36765
89.22263
89.22263
79.07468
79.07468
56.72775
56.72775
56.36447
56.36447
56.72775
56.72775
44.5654
44.5654
37.3469
37.3469
30.70114
30.70114
7.54587
7.54587
6.52658
6.52658
1.1738
1.1738
7.54587
7.54587
-9.82791
-9.82791
-15.35501
-15.35501
-20.44851
-20.44851
-25.17703
-25.17703
-29.74392
-29.74392
-33.93265
-33.93265
-42.45413
-42.45413
-42.45413
-42.45413
-43.83499
-43.83499
-46.58914
-46.58914
-49.449
-49.449
-52.76272
-52.76272
-56.44803
-56.44803
-60.20389
-60.20389
-63.93142
-63.93142
-67.51834
-67.51834
-71.00296
-71.00296
-74.34475
-74.34475
-77.51834
-77.51834
-80.55496
-80.55496
-83.19632
-83.19632
-85.53103
-85.53103
-88.01224
-88.01224
-92.45413
-92.45413
-93.87723
-93.87723
-96.97806
-96.97806
-100.32059
-100.32059
-103.73977
-103.73977
-107.20901
-107.20901
-110.66067
-110.66067
-114.08157
-114.08157
-117.45706
-117.45706
-120.81155
-120.81155
-124.16043
-124.16043
-127.35599
-127.35599
-130.50003
-130.50003
-133.56839
-133.56839
-136.16018
-136.16018
-138.26712
-138.26712
-139.9263
-139.9263
-140.97195
-140.97195
-141.76175
-141.76175
-142.45413
-142.45413
-142.45413
-142.45413
-142.45413
-142.45413
-142.45413
-142.45413
-142.45413
-142.45413
-142.45413
-142.45413
-142.45413
-142.45413
-142.45413
-142.45413
-142.45413
-142.45413
-142.45413
-142.45413
-142.45413
-142.45413
-142.45413
-142.45413
-142.45413
-142.45413
-142.45413
-142.45413
-142.45413
-142.45413
-142.45413
-142.45413
-142.45413
-142.45413
-142.45413
-142.45413
-141.98221
-141.98221
-140.46902
-140.46902
-139.22391
-139.22391
-138.00393
-138.00393
-136.60696
-136.60696
-135.2073
-135.2073
-133.81277
-133.81277
-132.35696
-132.35696
-130.73465
-130.73465
-128.93948
-128.93948
-127.12649
-127.12649
-125.55447
-125.55447
-123.73587
-123.73587
-121.4595
-121.4595
-118.82229
-118.82229
-116.32034
-116.32034
-114.1011
-114.1011
-111.83206
-111.83206
-109.5635
-109.5635
-107.13675
-107.13675
-104.53958
-104.53958
-101.58426
-101.58426
-97.93802
-97.93802
-92.45413
-92.45413
-87.96756
-87.96756
-81.70144
-81.70144
-74.78494
-74.78494
-67.29739
-67.29739
-59.4031
-59.4031
-51.27078
-51.27078
-42.45413
-42.45413
-33.97244
-33.97244
-24.96878
-24.96878
-16.07547
-16.07547
-7.54617
-7.54617
0.82614
0.82614
7.54587
7.54587
7.54587
7.54587
7.54587
7.54587
19.16477
19.16477
27.03171
27.03171
35.08786
35.08786
43.53977
43.53977
52.134
52.134
60.81101
60.81101
69.24387
69.24387
77.45969
77.45969
85.4177
85.4177
93.2092
93.2092
100.84104
100.84104
105.90964
105.90964
115.30832
115.30832
121.7385
121.7385
127.6196
127.6196
133.19016
133.19016
138.46042
138.46042
143.27024
143.27024
147.67771
147.67771
151.89255
151.89255
155.09128
155.09128
151.86423
151.86423
154.45139
154.45139
155.09128
155.09128
155.09128
155.09128
155.09128
155.09128
155.09128
155.09128
155.09128
155.09128
155.09128
155.09128
155.09128
155.09128
155.09128
155.09128
155.09128
155.09128
155.09128
155.09128
155.09128
155.09128
155.09128
155.09128
153.15109
153.15109
150.75363
150.75363
148.60105
148.60105
146.60642
146.60642
144.4028
144.4028
142.09738
142.09738
139.78488
139.78488
155.09128
155.09128
153.15354
153.15354
150.94113
150.94113
148.45896
148.45896
145.5947
145.5947
142.48288
142.48288
139.11423
139.11423
135.60422
135.60422
132.5051
132.5051
105.90964
105.90964
105.90964
105.90964
105.90964
105.90964
105.90964
105.90964
105.84348
105.84348
103.52243
103.52243
100.61862
100.61862
97.14426
97.14426
105.90964
105.90964
100.99631
100.99631
95.62619
95.62619
89.98459
89.98459
84.09445
84.09445
77.95798
77.95798
56.72775
56.72775
56.72775
56.72775
56.72775
56.72775
51.60642
51.60642
44.49582
44.49582
36.94284
36.94284
29.1135
29.1135
21.09226
21.09226
12.85153
12.85153
-0.58987
-0.58987
-8.28763
-8.28763
-16.06253
-16.06253
-23.97415
-23.97415
-31.77322
-31.77322
-39.3013
-39.3013
-46.57059
-46.57059
-53.89529
-53.89529
-61.29275
-61.29275
-68.49515
-68.49515
-75.29788
-75.29788
-81.67264
-81.67264
-87.30642
-87.30642
-92.22732
-92.22732
-96.94754
-96.94754
-101.52981
-101.52981
-105.88138
-105.88138
-110.08157
-110.08157
-114.02884
-114.02884
-117.69656
-117.69656
-121.15823
-121.15823
-124.19729
-124.19729
-126.90555
-126.90555
-129.59842
-129.59842
-132.27664
-132.27664
-135.0823
-135.0823
-138.03689
-138.03689
-141.04934
-141.04934
-142.45413
-142.45413
-147.14529
-147.14529
-150.17264
-150.17264
-153.16482
-153.16482
-155.98196
-155.98196
-158.54422
-158.54422
-160.63138
-160.63138
-162.20218
-162.20218
-163.07986
-163.07986
-163.36038
-163.36038
-163.293
-163.293
-162.83059
-162.83059
-162.01809
-162.01809
-160.87698
-160.87698
-159.40115
-159.40115
-157.53934
-157.53934
-155.08914
-155.08914
-151.82547
-151.82547
-142.45413
-142.45413
-142.45413
-142.45413
-136.99808
-136.99808
-130.71951
-130.71951
-124.02029
-124.02029
-117.27249
-117.27249
-110.45584
-110.45584
-103.61648
-103.61648
-92.45413
-92.45413
-95.29934
-95.29934
-83.13577
-83.13577
-76.34988
-76.34988
-69.62698
-69.62698
-63.04788
-63.04788
-56.63675
-56.63675
-50.44021
-50.44021
-42.45413
-42.45413
-43.55691
-43.55691
-33.397
-33.397
-27.96707
-27.96707
-22.47073
-22.47073
-16.91385
-16.91385
-11.30813
-11.30813
-5.62185
-5.62185
0.14206
0.14206
5.98044
5.98044
8.82517
8.82517
14.42429
14.42429
21.56174
21.56174
28.81027
28.81027
36.09006
36.09006
43.40793
43.40793
50.86594
50.86594
56.72775
56.72775
66.48557
66.48557
74.58908
74.58908
82.86887
82.86887
91.22824
91.22824
99.52341
99.52341
101.90061
101.90061
115.97556
115.97556
124.03049
124.03049
131.92258
131.92258
139.53098
139.53098
146.76169
146.76169
153.70261
153.70261
150.4863
150.4863
155.09128
155.09128
173.24973
173.24973
179.1655
179.1655
184.88816
184.88816
190.37644
190.37644
195.56833
195.56833
200.56687
200.56687
204.27316
204.27316
196.32468
196.32468
200.23679
200.23679
204.009
204.009
204.27316
204.27316
204.27316
204.27316
227.01901
227.01901
228.58811
228.58811
229.66037
229.66037
230.22116
230.22116
230.20725
230.20725
229.64792
229.64792
228.67624
228.67624
204.27316
204.27316
204.27316
204.27316
204.27316
204.27316
204.27316
204.27316
202.08933
202.08933
201.83225
201.83225
199.15964
199.15964
196.48728
196.48728
203.91208
203.91208
203.46726
203.46726
200.00974
200.00974
196.39524
196.39524
192.4028
192.4028
187.92697
187.92697
183.01999
183.01999
177.60739
177.60739
171.655
171.655
155.04782
155.04782
150.47263
150.47263
151.41379
151.41379
144.27365
144.27365
136.96042
136.96042
129.59738
129.59738
122.16599
122.16599
114.59055
114.59055
105.79514
105.79514
98.62766
98.62766
90.25046
90.25046
81.77365
81.77365
73.35813
73.35813
65.10471
65.10471
56.6611
56.6611
49.28952
49.28952
41.60105
41.60105
33.87424
33.87424
25.9968
25.9968
17.86911
17.86911
9.47116
9.47116
4.32419
4.32419
-3.91141
-3.91141
-12.18338
-12.18338
-20.54568
-20.54568
-29.02859
-29.02859
-37.51956
-37.51956
-45.85428
-45.85428
-53.91043
-53.91043
-61.6365
-61.6365
-69.10013
-69.10013
-76.3887
-76.3887
-83.58084
-83.58084
-90.64529
-90.64529
-97.66678
-97.66678
-104.5762
-104.5762
-111.44168
-111.44168
-118.28201
-118.28201
-125.0408
-125.0408
-131.60892
-131.60892
-137.82864
-137.82864
-142.45413
-142.45413
-148.86966
-148.86966
-153.64309
-153.64309
-157.9927
-157.9927
-162.00613
-162.00613
-165.69436
-165.69436
-168.89114
-168.89114
-171.37063
-171.37063
-173.04593
-173.04593
-174.00857
-174.00857
-174.4285
-174.4285
-174.49685
-174.49685
-174.3472
-174.3472
-173.97366
-173.97366
-173.26809
-173.26809
-172.15603
-172.15603
-170.65896
-170.65896
-168.876
-168.876
-166.92557
-166.92557
-164.85281
-164.85281
-162.65066
-162.65066
-160.33401
-160.33401
-157.97635
-157.97635
-155.62845
-155.62845
-153.28738
-153.28738
-150.84598
-150.84598
-148.21292
-148.21292
-145.36258
-145.36258
-144.19143
-144.19143
-139.17947
-139.17947
-135.98245
-135.98245
-132.74783
-132.74783
-129.46731
-129.46731
-126.0679
-126.0679
-122.49637
-122.49637
-118.75198
-118.75198
-114.92093
-114.92093
-111.05667
-111.05667
-107.17776
-107.17776
-103.23367
-103.23367
-99.13406
-99.13406
-94.81375
-94.81375
-90.26639
-90.26639
-85.50198
-85.50198
-80.56033
-80.56033
-75.43167
-75.43167
-70.05765
-70.05765
-64.32547
-64.32547
-58.24026
-58.24026
-51.88797
-51.88797
-45.40017
-45.40017
-38.73392
-38.73392
-31.84524
-31.84524
-24.69729
-24.69729
-17.24954
-17.24954
-9.46145
-9.46145
-1.27005
-1.27005
7.36643
7.36643
18.67844
18.67844
27.978
27.978
37.38352
37.38352
46.80759
46.80759
56.72775
56.72775
65.624
65.624
75.03977
75.03977
84.58884
84.58884
94.28293
94.28293
104.03708
104.03708
105.90964
105.90964
123.52878
123.52878
132.8613
132.8613
141.884
141.884
150.47483
150.47483
155.09128
155.09128
155.09128
155.09128
174.10398
174.10398
180.76486
180.76486
186.94406
186.94406
192.73825
192.73825
198.15671
198.15671
203.39182
203.39182
204.27316
204.27316
204.27316
204.27316
217.02878
217.02878
220.81906
220.81906
224.0571
224.0571
226.62888
226.62888
228.53098
228.53098
229.77609
229.77609
230.34348
230.34348
230.18503
230.18503
229.27732
229.27732
227.65525
227.65525
225.41281
225.41281
222.69992
222.69992
219.65402
219.65402
216.32883
216.32883
212.72214
212.72214
204.27316
204.27316
202.70578
202.70578
200.2778
200.2778
195.64011
195.64011
190.72653
190.72653
185.56565
185.56565
180.16452
180.16452
174.52219
174.52219
168.63181
168.63181
162.47971
162.47971
153.97019
153.97019
149.22971
149.22971
142.05246
142.05246
134.51926
134.51926
126.72507
126.72507
118.76047
118.76047
110.66403
110.66403
102.45822
102.45822
94.20383
94.20383
85.96579
85.96579
77.82761
77.82761
69.87937
69.87937
62.1655
62.1655
54.67673
54.67673
47.38132
47.38132
40.18991
40.18991
33.00339
33.00339
25.78317
25.78317
18.54123
18.54123
11.31125
11.31125
6.05954
6.05954
-0.63553
-0.63553
-7.22586
-7.22586
-13.7178
-13.7178
-20.09402
-20.09402
-26.34695
-26.34695
-32.51468
-32.51468
-38.60184
-38.60184
-44.59134
-44.59134
-50.50735
-50.50735
-56.37893
-56.37893
-62.19119
-62.19119
-67.92703
-67.92703
-73.58767
-73.58767
-79.18484
-79.18484
-84.74808
-84.74808
-90.2969
-90.2969
-95.87405
-95.87405
-101.37356
-101.37356
-106.77151
-106.77151
-111.95877
-111.95877
-116.824
-116.824
-121.31766
-121.31766
-125.44412
-125.44412
-129.21316
-129.21316
-132.65262
-132.65262
-135.77322
-135.77322
-138.54666
-138.54666
-140.93558
-140.93558
-142.45413
-142.45413
-142.45413
-142.45413
-145.56717
-145.56717
-146.06131
-146.06131
-145.94949
-145.94949
-145.26639
-145.26639
-142.45413
-142.45413
-142.45413
-142.45413
-141.13479
-141.13479
-139.42996
-139.42996
-137.5845
-137.5845
-135.62088
-135.62088
-133.54642
-133.54642
-131.34549
-131.34549
-129.00052
-129.00052
-126.48831
-126.48831
-123.83694
-123.83694
-121.05667
-121.05667
-118.10501
-118.10501
-114.95218
-114.95218
-111.59378
-111.59378
-108.06766
-108.06766
-104.41311
-104.41311
-100.63601
-100.63601
-96.70608
-96.70608
-92.61307
-92.61307
-88.40359
-88.40359
-84.1365
-84.1365
-79.8013
-79.8013
-75.40262
-75.40262
-71.0032
-71.0032
-66.64822
-66.64822
-62.32742
-62.32742
-57.97391
-57.97391
-53.52005
-53.52005
-48.91385
-48.91385
-44.11892
-44.11892
-39.09915
-39.09915
-33.86844
-33.86844
-28.42019
-28.42019
-22.81204
-22.81204
-17.10721
-17.10721
-11.376
-11.376
-5.65945
-5.65945
0.04953
0.04953
10.95041
10.95041
17.28464
17.28464
23.63889
23.63889
30.04416
30.04416
36.57126
36.57126
43.24948
43.24948
50.03391
50.03391
56.72775
56.72775
56.72775
56.72775
70.8967
70.8967
77.86399
77.86399
84.79904
84.79904
91.655
91.655
98.36887
98.36887
105.01389
105.01389
102.21237
102.21237
105.90964
105.90964
124.08176
124.08176
130.05026
130.05026
135.80149
135.80149
141.26706
141.26706
146.36643
146.36643
150.99533
150.99533
155.09128
155.09128
151.99948
151.99948
155.09128
155.09128
165.13278
165.13278
167.53415
167.53415
169.48972
169.48972
171.03562
171.03562
172.22946
172.22946
173.11716
173.11716
173.70529
173.70529
174.01242
174.01242
174.05905
174.05905
173.81906
173.81906
173.25852
173.25852
172.39963
172.39963
171.23923
171.23923
169.73801
169.73801
167.89792
167.89792
165.79148
165.79148
163.4697
163.4697
160.92429
160.92429
158.10202
158.10202
154.97873
154.97873
151.56125
151.56125
147.85422
147.85422
143.86911
143.86911
139.63449
139.63449
135.16696
135.16696
130.47751
130.47751
125.55759
125.55759
120.42185
120.42185
115.11814
115.11814
109.69309
109.69309
104.15964
104.15964
98.55197
98.55197
92.87595
92.87595
87.14597
87.14597
81.35398
81.35398
75.50754
75.50754
69.61667
69.61667
63.67746
63.67746
56.72775
56.72775
51.72116
51.72116
45.71872
45.71872
39.68503
39.68503
33.60959
33.60959
27.50949
27.50949
21.42087
21.42087
15.3674
15.3674
7.54587
7.54587
7.54587
7.54587
1.11472
1.11472
-4.59451
-4.59451
-10.14798
-10.14798
-15.5303
-15.5303
-20.73172
-20.73172
-25.76004
-25.76004
-30.64041
-30.64041
-35.40066
-35.40066
-40.02566
-40.02566
-44.55398
-44.55398
-48.95682
-48.95682
-53.28128
-53.28128
-57.54837
-57.54837
-61.77957
-61.77957
-65.92825
-65.92825
-69.91238
-69.91238
-73.6785
-73.6785
-77.20657
-77.20657
-80.48587
-80.48587
-83.51761
-83.51761
-86.30057
-86.30057
-88.82962
-88.82962
-91.09036
-91.09036
-92.45413
-92.45413
-94.85574
-94.85574
-96.37185
-96.37185
-97.668
-97.668
-98.77151
-98.77151
-99.69681
-99.69681
-100.44876
-100.44876
-101.03836
-101.03836
-101.50882
-101.50882
-101.88675
-101.88675
-102.16116
-102.16116
-102.28763
-102.28763
-102.23489
-102.23489
-101.97171
-101.97171
-101.49417
-101.49417
-100.80301
-100.80301
-99.91409
-99.91409
-98.88138
-98.88138
-97.75857
-97.75857
-96.59866
-96.59866
-95.37478
-95.37478
-94.03543
-94.03543
-92.51858
-92.51858
-90.80325
-90.80325
-88.89944
-88.89944
-86.86844
-86.86844
-84.81033
-84.81033
-82.7471
-82.7471
-80.62723
-80.62723
-78.41653
-78.41653
-76.14309
-76.14309
-73.83523
-73.83523
-71.49295
-71.49295
-69.095
-69.095
-66.60013
-66.60013
-63.95413
-63.95413
-61.12649
-61.12649
-58.12942
-58.12942
-54.99246
-54.99246
-51.71878
-51.71878
-48.3052
-48.3052
-44.75931
-44.75931
-42.45413
-42.45413
-37.17752
-37.17752
-33.15188
-33.15188
-29.01468
-29.01468
-24.74759
-24.74759
-20.31131
-20.31131
-15.72171
-15.72171
-11.05862
-11.05862
-6.36258
-6.36258
-1.61087
-1.61087
3.23825
3.23825
7.54587
7.54587
18.99191
18.99191
24.57395
24.57395
30.19162
30.19162
35.81906